-0.0000434885313909 -0.0002717380346740 -0.3350439974858510 0.0002929109745790 -0.0000142634529266 -0.3297550737168722 0.0000596924318585 -0.0001279821207320 0.8898312571349512 0.2433781581153797 0.1701406376661822 -0.6048595227168657
-0.0000699119829836 -0.0001980476035864 -0.6541498751259700 0.0002912709095842 -0.0000172887658260 -0.3475688207081693 0.0000390493462755 -0.0002256163733444 0.6812309855201388 0.4479882671415120 0.1826316690848541 -0.4492745842065627
-0.0000859038691275 -0.0000915589687994 -0.8635068220181321 0.0002894475390511 -0.0000177032301727 -0.3681468555112429 0.0000095881594388 -0.0002858813257818 0.3627874123741376 0.5735221910428646 0.1965998240845107 -0.2250555362693055
-0.0000888162949130 0.0000300957585367 -0.9284500594745900 0.0002877427719295 -0.0000154382200381 -0.3880819206509223 -0.0000238130219694 -0.0002987984639808 -0.0127724037959970 0.5991943492388626 0.2097322918944261 0.0306720143750278
-0.0000781670291791 0.0001467733005384 -0.8382264621915777 0.0002864388791686 -0.0000108687701427 -0.4040732193402407 -0.0000556237159713 -0.0002622290043517 -0.3832642307579593 0.5207540179864210 0.2198546323138988 0.2755653554861666
-0.0000557193487509 0.0002391545031020 -0.6077750111400010 0.0002857517558306 -0.0000047514777305 -0.4134729552818453 -0.0000805767932717 -0.0001822280198240 -0.6873430266431615 0.3511891367061218 0.2252908153964522 0.4690757052270257
-0.0000251900823324 0.0002919431217882 -0.2752532586891088 0.0002857951740764 0.0000019007716837 -0.4147247438621527 -0.0000945405868107 -0.0000720418658357 -0.8746601990561312 0.1185758185249501 0.2251407315784391 0.5791621122798033
0.0000083658135557 0.0002963985544286 0.1042807083448564 0.0002865619448257 0.0000079865159456 -0.4076213171841844 -0.0000952030079766 0.0000500851208518 -0.9142002578375910 -0.1385704284050414 0.2194292313483340 0.5875967557219346
0.0000393922409575 0.0002517830820760 0.4679846429430162 0.0002879251081724 0.0000124980933505 -0.3933388421598660 -0.0000824543747959 0.0001639314714591 -0.7994162629059877 -0.3776719974058981 0.2091020100575133 0.4929830492327061
0.0000627519247298 0.0001654840185890 0.7556373936801818 0.0002896589550754 0.0000146884886473 -0.3742421738521936 -0.0000584055727889 0.0002506468033895 -0.5493138495663161 -0.5591390726320168 0.1958690221437873 0.3109868842225486
0.0000745770291967 0.0000517905384188 0.9196101663307570 0.0002914763996746 0.0000141950218803 -0.3534932889253560 -0.0000270385400364 0.0002958730175455 -0.2053043248537187 -0.6529248077999204 0.1819213513247461 0.0717427122869425
0.0000729095843199 -0.0000704722877270 0.9327527757247398 0.0002930765142208 0.0000110993999932 -0.3345277337736021 0.0000064530517705 0.0002921216750295 0.1756521089664269 -0.6435004048356418 0.1695684166538204 -0.1851360389066319
0.0000580256821725 -0.0001810604949372 0.7928891117565994 0.0002941943558753 0.0000059141882599 -0.3204857761421943 0.0000365237508451 0.0002400139165303 0.5304776628398521 -0.5324263385562024 0.1608555851916232 -0.4171160451518982
0.0000323897593058 -0.0002616631848118 0.5231774243461126 0.0002946448354185 -0.0000005020598841 -0.3136924456704616 0.0000581945315802 0.0001481776047811 0.8004212743290985 -0.3380939546015130 0.1572255041760086 -0.5857866799236197
0.0000002465455067 -0.0002989343685244 0.1682758758972019 0.0002943533635599 -0.0000070869585796 -0.3152725650701251 0.0000678772010793 0.0000318187586206 0.9407863663035868 -0.0926803062505309 0.1592792334409206 -0.6632198875556936
-0.0000330817694950 -0.0002867027804256 -0.2130518583667951 0.0002933682014518 -0.0000127501974293 -0.3249645022811902 0.0000639685281132 -0.0000897962268762 0.9283316519514331 0.1631796529729611 0.1666767218362198 -0.6365944789450119
