-4.401517e-05 -2.732192e-04 -2.219161e-01 2.925428e-04 -1.529893e-05 -2.506697e-01 6.100128e-05 -1.243009e-04 6.086783e-01 -2.163884e-06 -6.086032e-06 4.648235e-01 2.433783e-01 1.701402e-01 -6.048585e-01
-7.126343e-05 -2.010063e-04 -4.474275e-01 2.907200e-04 -1.849494e-05 -2.632942e-01 4.040467e-05 -2.226492e-04 4.739150e-01 -3.016700e-06 -6.604397e-06 4.614461e-01 4.479886e-01 1.826313e-01 -4.492737e-01
-8.811982e-05 -9.493469e-05 -6.009484e-01 2.886879e-04 -1.886041e-05 -2.781435e-01 1.045772e-05 -2.845567e-04 2.597570e-01 -3.863756e-06 -5.885948e-06 4.577999e-01 5.735227e-01 1.965996e-01 -2.250550e-01
-9.154788e-05 2.769270e-05 -6.561136e-01 2.867867e-04 -1.627935e-05 -2.927577e-01 -2.395285e-05 -2.989215e-04 1.168163e-03 -4.558766e-06 -4.010481e-06 4.545044e-01 5.991949e-01 2.097323e-01 3.067225e-02
-8.075731e-05 1.461083e-04 -6.027654e-01 2.853453e-04 -1.114953e-05 -3.046651e-01 -5.699441e-05 -2.625809e-04 -2.586663e-01 -4.974106e-06 -1.277006e-06 4.521540e-01 5.207546e-01 2.198548e-01 2.755652e-01
-5.748587e-05 2.397996e-04 -4.493226e-01 2.846185e-04 -4.337661e-06 -3.118244e-01 -8.293630e-05 -1.813664e-04 -4.757015e-01 -5.030120e-06 1.836811e-06 4.511884e-01 3.511896e-01 2.252911e-01 4.690753e-01
-2.574926e-05 2.925087e-04 -2.216824e-01 2.847335e-04 2.974651e-06 -3.130094e-01 -9.727177e-05 -6.927937e-05 -6.130031e-01 -4.715741e-06 4.769813e-06 4.517855e-01 1.185761e-01 2.251411e-01 5.791615e-01
8.932784e-06 2.954284e-04 4.139470e-02 2.856641e-04 9.522738e-06 -3.080400e-01 -9.760720e-05 5.419888e-05 -6.475372e-01 -4.091568e-06 7.000990e-06 4.538198e-01 -1.385704e-01 2.194296e-01 5.875961e-01
4.062872e-05 2.487016e-04 2.954258e-01 2.872405e-04 1.420419e-05 -2.977998e-01 -8.406838e-05 1.679538e-04 -5.741716e-01 -3.273954e-06 8.159137e-06 4.569014e-01 -3.776723e-01 2.091024e-01 4.929824e-01
6.409783e-05 1.609638e-04 4.981670e-01 2.891875e-04 1.627194e-05 -2.840491e-01 -5.915415e-05 2.531609e-04 -4.061117e-01 -2.407103e-06 8.084257e-06 4.604765e-01 -5.591396e-01 1.958693e-01 3.109865e-01
7.564377e-05 4.732958e-05 6.166884e-01 2.911792e-04 1.543796e-05 -2.690916e-01 -2.715575e-05 2.963632e-04 -1.720196e-01 -1.633788e-06 6.832266e-06 4.639458e-01 -6.529254e-01 1.819214e-01 7.174259e-02
7.359986e-05 -7.345698e-05 6.323880e-01 2.928946e-04 1.188589e-05 -2.553788e-01 6.651644e-06 2.912630e-04 8.923671e-02 -1.072682e-06 4.638208e-06 4.667670e-01 -6.435011e-01 1.695683e-01 -1.851358e-01
5.845417e-05 -1.820515e-04 5.434352e-01 2.940649e-04 6.213590e-06 -2.451213e-01 3.685944e-05 2.392375e-04 3.350493e-01 -8.047803e-07 1.861308e-06 4.685228e-01 -5.324270e-01 1.608553e-01 -4.171155e-01
3.268295e-05 -2.613011e-04 3.646250e-01 2.945085e-04 -6.704409e-07 -2.399600e-01 5.870252e-05 1.488050e-04 5.257109e-01 -8.671857e-07 -1.070952e-06 4.689598e-01 -3.380944e-01 1.572251e-01 -5.857858e-01
3.625055e-07 -2.985902e-04 1.249007e-01 2.941541e-04 -7.678513e-06 -2.407285e-01 6.870701e-05 3.428192e-05 6.303938e-01 -1.251183e-06 -3.713947e-06 4.680086e-01 -9.268055e-02 1.592788e-01 -6.632189e-01
-3.339226e-05 -2.876256e-04 -1.370439e-01 2.930511e-04 -1.369277e-05 -2.473276e-01 6.517981e-05 -8.619621e-05 6.318102e-01 -1.902747e-06 -5.655121e-06 4.657934e-01 1.631797e-01 1.666763e-01 -6.365935e-01
