1 102513.257812
2 73730.343750
3 66405.187500
4 63207.296875
5 61188.902344
6 59326.242188
7 57183.546875
8 56088.042969
9 54959.132812
10 54134.785156
11 53192.507812
12 51690.742188
13 49991.453125
14 48714.406250
15 47389.257812
16 46006.757812
17 44870.214844
18 44375.609375
19 44374.699219
20 44374.242188
21 44374.125000
22 44374.093750
23 44374.500000
24 44374.453125
25 44373.816406
26 44373.808594
27 44373.804688
28 44373.804688
29 51937.695312
30 45648.734375
31 44276.753906
32 40337.437500
33 38906.378906
34 38022.035156
35 37606.429688
36 37078.742188
37 36809.390625
38 35841.183594
39 35404.460938
40 35210.492188
41 34835.261719
42 34811.875000
43 34765.703125
44 34572.167969
45 34396.222656
46 34152.800781
47 34064.558594
48 34064.335938
49 34064.195312
50 34064.183594
51 34064.179688
52 34064.175781
53 34064.167969
54 34064.167969
55 38639.015625
56 37686.609375
57 36455.410156
58 35451.816406
59 34774.648438
60 34151.343750
61 33810.429688
62 33372.746094
63 33006.195312
64 32668.250000
65 32428.939453
66 32285.511719
67 32052.324219
68 31867.656250
69 30954.449219
70 30596.738281
71 30398.994141
72 30120.845703
73 29981.597656
74 29865.927734
75 29755.330078
76 29700.087891
77 29657.429688
78 29654.673828
79 28609.400391
80 27913.083984
81 27456.285156
82 27152.484375
83 26909.132812
84 26680.158203
85 26531.142578
86 26486.689453
87 26477.472656
88 26415.214844
89 26352.892578
90 26302.375000
91 26274.414062
92 26242.050781
93 26219.187500
94 26138.048828
95 26103.773438
96 26061.779297
97 26044.187500
98 25939.294922
99 25864.134766
100 25832.470703
101 25831.673828
102 25830.564453
103 25829.382812
104 25823.853516
105 25823.044922
106 25822.529297
107 25821.468750
108 25821.140625
109 25821.050781
110 25821.042969
111 25821.041016
112 25821.035156
113 25821.037109
114 28677.703125
115 28017.720703
116 27472.619141
117 27073.248047
118 26799.763672
119 26614.099609
120 26416.642578
121 26280.115234
122 26052.060547
123 25897.779297
124 25602.123047
125 25602.029297
126 25594.685547
127 25557.435547
128 25333.373047
129 25310.611328
130 25186.728516
131 25124.804688
132 25078.642578
133 25043.925781
134 25043.908203
135 24987.890625
136 24979.662109
137 24635.800781
138 24524.960938
139 24450.560547
140 24425.347656
141 24380.248047
142 24361.320312
143 24351.496094
144 24255.812500
145 24245.501953
146 24236.998047
147 24229.562500
148 24220.240234
149 24211.357422
150 24193.626953
151 24191.839844
152 24187.921875
153 24181.792969
154 24165.820312
155 24158.179688
156 24149.191406
157 24127.871094
158 24120.083984
159 24116.808594
160 24116.615234
161 24116.505859
162 24116.460938
163 24116.460938
164 24116.460938
165 26314.982422
166 25808.843750
167 25638.316406
168 25421.195312
169 25347.296875
170 25357.111328
171 25207.503906
172 25217.050781
173 25151.355469
174 25149.609375
175 25128.466797
176 25137.273438
177 25109.947266
178 25162.566406
179 25108.328125
180 25099.937500
181 25086.220703
182 25104.351562
183 25087.107422
184 25071.414062
185 25082.337891
186 25074.501953
187 25073.152344
188 25071.312500
189 25071.144531
190 25170.453125
191 25108.964844
192 25105.759766
193 25090.185547
194 25089.972656
195 25093.488281
196 25091.933594
197 25108.304688
198 25108.078125
199 25120.625000
200 25097.529297
201 25101.994141
202 25107.384766
203 25095.246094
204 25098.179688
205 25094.568359
206 25103.378906
207 25100.576172
208 25100.396484
209 25099.773438
210 25099.527344
211 25104.460938
212 25107.982422
213 25106.234375
214 25111.724609
215 25108.056641
216 25107.695312
217 25108.958984
218 25115.166016
219 25119.804688
220 25117.921875
221 25116.312500
222 25128.992188
223 25126.445312
224 25126.953125
225 25128.167969
226 25121.644531
227 25128.484375
228 25169.759766
229 25167.476562
230 25149.318359
231 25146.070312
232 25146.048828
233 25146.041016
234 25146.039062
235 25146.046875
236 25146.048828
237 25146.048828
238 25146.048828
239 25146.048828
240 25146.048828
241 25146.048828
242 25146.048828
243 25146.048828
244 25146.046875
245 25146.046875
246 25146.046875
247 25146.046875
248 25146.046875
249 25146.046875
250 25146.046875
251 25146.046875
252 25146.046875
253 26885.996094
254 26526.906250
255 26668.781250
256 26762.269531
257 26948.554688
258 26928.841797
259 27123.279297
260 26993.183594
261 27220.857422
262 27181.650391
263 27257.062500
264 27243.871094
265 27304.330078
266 27284.857422
267 27615.216797
268 27537.365234
269 27504.804688
270 27548.878906
271 27540.011719
272 27567.541016
273 27601.146484
274 27601.671875
275 27710.375000
276 27670.220703
277 27692.242188
278 27681.255859
279 27687.054688
280 27740.435547
281 27737.923828
282 27754.750000
283 27758.623047
284 27750.515625
285 27783.812500
286 27773.880859
287 27785.937500
288 27882.083984
289 27861.777344
290 27865.304688
291 27864.636719
292 27883.832031
293 27875.705078
294 27877.972656
295 27914.980469
296 27908.177734
297 27910.244141
298 27969.173828
299 27959.185547
300 27955.839844
301 27965.447266
302 27955.167969
303 27949.949219
304 27948.875000
305 28119.451172
306 28111.785156
307 28095.457031
308 28085.910156
309 28074.710938
310 28152.109375
311 28123.541016
312 28119.464844
313 28113.933594
314 28122.066406
315 28115.732422
316 28126.886719
317 28120.388672
318 28119.892578
319 28119.498047
320 28119.488281
321 28119.484375
322 28119.484375
323 28119.484375
324 28119.482422
325 28119.480469
326 28119.482422
327 28119.478516
328 28119.478516
329 28119.482422
330 28119.478516
331 29273.187500
332 29167.076172
333 29135.738281
334 29881.457031
335 29758.183594
336 30168.324219
337 30115.699219
338 30805.714844
339 30587.919922
340 31188.085938
341 30971.988281
342 31485.363281
343 31275.574219
344 32160.421875
345 31828.328125
346 32048.175781
347 31898.197266
348 31895.673828
349 32196.130859
350 32070.773438
351 32244.703125
352 32238.550781
353 32307.978516
354 32326.462891
355 32355.679688
356 32442.910156
357 32478.984375
358 32510.589844
359 32715.828125
360 32616.589844
361 32689.921875
362 32688.429688
363 32822.687500
364 32789.445312
365 32796.949219
366 32876.519531
367 32923.312500
368 32946.085938
369 32976.761719
370 32975.437500
371 32961.933594
372 33024.414062
373 33075.046875
374 33088.757812
375 33169.984375
376 33124.832031
377 33168.609375
378 33168.363281
379 33168.320312
380 33168.316406
381 33168.316406
382 33168.222656
383 33168.050781
384 33168.035156
385 33168.031250
386 33168.035156
387 33162.464844
388 33176.105469
389 33196.250000
390 33183.261719
391 33314.730469
392 33244.339844
393 33242.488281
394 33340.941406
395 33292.480469
396 33283.125000
397 33397.824219
398 33397.703125
399 33348.800781
400 33341.484375
401 33354.914062
402 33331.070312
403 33405.500000
404 33399.734375
405 33390.625000
406 33388.792969
407 33388.031250
408 33386.164062
409 33400.789062
410 33422.890625
411 33513.199219
412 33512.394531
413 33512.296875
414 33510.671875
415 33510.074219
416 33480.535156
417 33481.039062
418 33479.726562
419 33479.613281
420 33479.578125
421 33479.570312
422 33479.566406
