1 3.465396
2 39.559540
3 53.730171
4 55.408371
5 59.036381
6 65.560318
7 69.714447
8 74.067352
9 78.750237
10 82.663635
11 95.405258
12 100.985519
13 114.164558
14 116.569473
15 133.045593
16 141.131317
17 141.435425
18 144.440521
19 144.436829
20 144.436310
21 144.436218
22 144.436218
23 144.435944
24 144.435928
25 144.435913
26 144.435944
27 144.435898
28 144.435898
29 331.654938
30 351.675476
31 363.482452
32 475.784882
33 465.427765
34 483.957916
35 475.851166
36 486.633972
37 484.894379
38 491.911163
39 489.407013
40 494.298187
41 493.608032
42 494.446472
43 496.085968
44 510.486389
45 508.500214
46 515.497009
47 513.887085
48 513.888062
49 513.887756
50 513.887695
51 513.887695
52 513.887756
53 513.887756
54 513.887756
55 1561.713013
56 1557.485718
57 1556.367676
58 1579.160156
59 1579.754639
60 1595.139404
61 1598.900024
62 1612.690796
63 1615.761353
64 1628.937378
65 1633.176392
66 1640.032349
67 1652.159790
68 1660.609375
69 1743.916504
70 1763.930786
71 1764.686279
72 1784.348145
73 1782.369019
74 1791.199219
75 1791.246460
76 1796.423340
77 1798.247681
78 1798.459473
79 1951.205811
80 1953.864502
81 1967.079346
82 1972.692017
83 1993.484375
84 2005.955078
85 2005.596069
86 2002.343628
87 2002.695557
88 2004.256714
89 2002.452026
90 2006.469849
91 2006.705078
92 2006.811401
93 2006.136719
94 2004.387085
95 2005.045898
96 2002.687866
97 2002.829346
98 2018.620239
99 2019.934082
100 2016.852417
101 2016.786865
102 2016.516479
103 2016.480591
104 2016.144531
105 2016.179565
106 2016.088013
107 2016.221313
108 2016.220337
109 2016.219116
110 2016.219116
111 2016.218994
112 2016.218994
113 2016.218994
114 5964.483887
115 5938.413574
116 5924.810059
117 5908.132324
118 5880.598145
119 5867.718262
120 5829.303223
121 5817.155273
122 5747.260254
123 5738.481445
124 5760.231445
125 5760.229980
126 5756.609863
127 5744.239746
128 5659.143555
129 5650.812500
130 5584.736816
131 5573.613770
132 5558.438477
133 5549.134277
134 5549.131836
135 5532.426758
136 5527.050781
137 5418.537598
138 5403.259766
139 5393.901367
140 5382.790527
141 5371.509766
142 5365.006348
143 5355.974609
144 5342.335938
145 5339.516602
146 5330.203125
147 5323.632324
148 5317.911133
149 5308.219727
150 5303.868164
151 5301.651855
152 5295.500000
153 5292.758301
154 5270.212402
155 5268.448242
156 5263.167969
157 5249.976562
158 5243.292480
159 5242.641113
160 5242.546387
161 5242.510742
162 5242.493164
163 5242.493164
164 5242.493164
165 17399.320312
166 17075.585938
167 16642.089844
168 16384.570312
169 16270.199219
170 15829.914062
171 15756.359375
172 15543.222656
173 15484.571289
174 15274.636719
175 15205.151367
176 15069.897461
177 15040.520508
178 14709.075195
179 14668.176758
180 14594.335938
181 14577.734375
182 14502.932617
183 14442.331055
184 14415.333984
185 14369.367188
186 14338.724609
187 14308.599609
188 14278.884766
189 14264.216797
190 13894.917969
191 13882.501953
192 13862.884766
193 13837.666992
194 13821.441406
195 13789.943359
196 13777.000000
197 13696.928711
198 13692.275391
199 13639.618164
200 13624.445312
201 13606.052734
202 13571.560547
203 13556.491211
204 13524.870117
205 13518.830078
206 13493.842773
207 13473.566406
208 13456.765625
209 13436.703125
210 13423.462891
211 13402.892578
212 13384.299805
213 13372.993164
214 13343.914062
215 13330.543945
216 13327.874023
217 13327.802734
218 13312.468750
219 13280.567383
220 13274.764648
221 13273.082031
222 13248.060547
223 13225.916016
224 13213.590820
225 13193.994141
226 13186.658203
227 13176.305664
228 13061.593750
229 13061.457031
230 13053.712891
231 13047.714844
232 13047.678711
233 13047.668945
234 13047.667969
235 13047.668945
236 13047.668945
237 13047.668945
238 13047.668945
239 13047.668945
240 13047.668945
241 13047.668945
242 13047.668945
243 13047.668945
244 13047.668945
245 13047.668945
246 13047.668945
247 13047.668945
248 13047.668945
249 13047.668945
250 13047.668945
251 13047.668945
252 13047.668945
253 43922.378906
254 43585.167969
255 42265.796875
256 41706.304688
257 40848.535156
258 40420.695312
259 39599.527344
260 39411.902344
261 38691.738281
262 38450.878906
263 38064.914062
264 37922.937500
265 37622.855469
266 37557.132812
267 36865.863281
268 36797.496094
269 36640.472656
270 36498.718750
271 36401.289062
272 36292.921875
273 36141.582031
274 36058.605469
275 35768.070312
276 35682.992188
277 35544.585938
278 35482.378906
279 35437.332031
280 35265.960938
281 35264.964844
282 35125.339844
283 35058.757812
284 35052.617188
285 34961.605469
286 34899.089844
287 34862.925781
288 34651.195312
289 34639.953125
290 34588.996094
291 34572.820312
292 34512.230469
293 34477.484375
294 34467.187500
295 34370.863281
296 34367.269531
297 34345.546875
298 34223.015625
299 34212.031250
300 34171.078125
301 34123.285156
302 34097.304688
303 34097.218750
304 34096.402344
305 33740.710938
306 33727.757812
307 33632.246094
308 33579.011719
309 33559.425781
310 33350.765625
311 33341.117188
312 33339.890625
313 33330.460938
314 33262.636719
315 33253.328125
316 33197.613281
317 33180.097656
318 33178.308594
319 33177.695312
320 33177.691406
321 33177.691406
322 33177.691406
323 33177.691406
324 33177.691406
325 33177.691406
326 33177.691406
327 33177.691406
328 33177.691406
329 33177.691406
330 33177.691406
331 112039.976562
332 111936.085938
333 111035.398438
334 108378.867188
335 107498.062500
336 105629.828125
337 104775.562500
338 102347.929688
339 101485.335938
340 99333.734375
341 98577.304688
342 96702.289062
343 96261.343750
344 93621.757812
345 93337.546875
346 91991.296875
347 91609.031250
348 91112.796875
349 90133.062500
350 89590.445312
351 88667.429688
352 88090.664062
353 87402.156250
354 86826.984375
355 86296.054688
356 85728.382812
357 85204.179688
358 84764.796875
359 83965.132812
360 83747.601562
361 83237.000000
362 82914.671875
363 82405.273438
364 82025.382812
365 81700.148438
366 81303.687500
367 80917.882812
368 80603.882812
369 80234.328125
370 79921.523438
371 79641.671875
372 79381.953125
373 79095.226562
374 78842.695312
375 78481.921875
376 78295.335938
377 78057.429688
378 78057.398438
379 78057.398438
380 78057.390625
381 78057.390625
382 78057.257812
383 78057.250000
384 78057.250000
385 78057.250000
386 78057.250000
387 78043.148438
388 77807.601562
389 77581.929688
390 77439.367188
391 76992.179688
392 76920.171875
393 76899.539062
394 76558.000000
395 76411.953125
396 76336.148438
397 75908.359375
398 75908.359375
399 75883.718750
400 75735.781250
401 75523.445312
402 75428.007812
403 75147.359375
404 75135.007812
405 75022.078125
406 75022.062500
407 75021.953125
408 75020.156250
409 74909.515625
410 74767.039062
411 74500.015625
412 74500.000000
413 74500.007812
414 74499.312500
415 74499.210938
416 74463.460938
417 74462.804688
418 74462.789062
419 74462.773438
420 74462.773438
421 74462.773438
422 74462.773438
